<?xml version="1.0"?>
<opencv_storage>
<cameraMatrix type_id="opencv-matrix">
  <rows>3</rows>
  <cols>3</cols>
  <dt>d</dt>
  <data>
    1.4478141049219482e+003 0. 6.6274484776761142e+002 0.
    1.4432743079138295e+003 4.7609546427843065e+002 0. 0. 1.</data></cameraMatrix>
<distCoeffs type_id="opencv-matrix">
  <rows>1</rows>
  <cols>5</cols>
  <dt>d</dt>
  <data>
    -2.6128696949919589e-001 3.4600669963821584e-001
    -2.2331413545278616e-003 -2.5710895791919218e-003
    -3.7144316064113458e-001</data></distCoeffs>
</opencv_storage>
