<?xml version="1.0"?>
<opencv_storage>
<cameraMatrix type_id="opencv-matrix">
  <rows>3</rows>
  <cols>3</cols>
  <dt>d</dt>
  <data>
    1.4486164614938111e+003 0. 6.5629323041189559e+002 0.
    1.4469060882802069e+003 2.8919096023295305e+002 0. 0. 1.</data></cameraMatrix>
<distCoeffs type_id="opencv-matrix">
  <rows>1</rows>
  <cols>5</cols>
  <dt>d</dt>
  <data>
    -2.3104770840056366e-001 1.0213260001715195e-001
    1.0665931931058172e-003 -5.9331683645897856e-004
    1.1390264976935140e-001</data></distCoeffs>
</opencv_storage>
