<?xml version="1.0"?>
<opencv_storage>
<cameraMatrix type_id="opencv-matrix">
  <rows>3</rows>
  <cols>3</cols>
  <dt>d</dt>
  <data>
    1.4471943061684688e+003 0. 6.6793212167587410e+002 0.
    1.4345505989048447e+003 4.5577630638389144e+002 0. 0. 1.</data></cameraMatrix>
<distCoeffs type_id="opencv-matrix">
  <rows>1</rows>
  <cols>5</cols>
  <dt>d</dt>
  <data>
    -2.2768091874716639e-001 1.3767619714622811e-001
    1.3295171274470769e-003 -7.1696634039168075e-004
    -3.8437817854108575e-002</data></distCoeffs>
</opencv_storage>
